
    00 01 02 03 04 05 06 07 08 09 10 11 12 13 14 15    16    17 18    19 20    21 22 23 24 25 26 27 28 29 30 31
23: 00 00 00 43 58 70 72 63 02 00 60 74 43 4B 65 79    00    63 00    00 00    40 23 43 00 6F 32 43 45 47 31 63
23: 00 63 00 00 00 43 4C 46 00 4F 63 00 00 00 43 58    10    70 72    63 00    60 74 43 00 4B 65 79 63 00 00 00


            MSB: [23, 20],
            LSB: [23, 19],
            msb: [23, 16, 0x04],
            sign: [23, 16, 0x08]


    sendmidi dev arturia system-exclusive hex 00 20 6B 07 01 01 03 19 01 47 01

send name request:

200 =

    sendmidi dev arturia system-exclusive hex 00 20 6B 07 01 00 03 19 01 47 00

                   0  1  2  3  4  5  6  7  8  9 10 11 12 13 14 15 16 17 18 19 20
system-exclusive hex 00 20 6B 07 01 00 23 52 01 47 00 10 00 00 00 00 47 00 05 11 4B 6E 69 74 00 00 00 00 00 00 00 00 00 00 00 00 00 00 00 00 00 00 00 dec
system-exclusive hex 00 20 6B 07 01 00 23 52 01 47 00 10 00 00 00 00 47 00 08 11 4B 6E 69 74 00 00 00 00 00 00 00 00 00 00 00 00 00 00 00 00 00 00 00 dec
                                                                           ^^
                                                                           CAT

                  F0 00 20 6B 07 01 00 23 52 01 47 00 10 00 00 00 00 47 00 08 11 4B 6E 69 74 00 00 00 00 00 00 00 00 00 00 00 00 00 00 00 00 00 00 00 F7
